You see a faint pattern in the water...

10000010
00000001
01001101
01001000
00000001
10000010
00000001
01101001
01001000
00000001
10000010
00000001
01101110
01001000
00000001
10000010
00000001
01100101
01001000
00000001
10000010
00000001
00100000
01001000
00000001
10000010
00000001
01111001
01001000
00000001
10000010
00000001
01101111
01001000
00000001
10000010
00000001
01110101
01001000
00000001
10000010
00000001
01110010
01001000
00000001
10000010
00000001
00100000
01001000
00000001
10000010
00000001
01100011
01001000
00000001
10000010
00000001
01101111
01001000
00000001
10000010
00000001
01101001
01001000
00000001
10000010
00000001
01101110
01001000
00000001
10000010
00000001
00100000
01001000
00000001
10000010
00000001
01101001
01001000
00000001
10000010
00000001
01101110
01001000
00000001
10000010
00000001
00100000
01001000
00000001
10000010
00000001
01110010
01001000
00000001
10000010
00000001
01101111
01001000
00000001
10000010
00000001
01101111
01001000
00000001
10000010
00000001
01101101
01001000
00000001
10000010
01001000
00000001
10000010
00000001
00110011
01001000
00000001
10000010
00000001
00110100
01001000
00000001
10000010
00000001
00110110
01001000
00000001
00000001


My found message: Says to mine in room 354

10000010\n00000001\n01001101\n01001000\n00000001\n10000010\n00000001\n01101001\n
01001000\n00000001\n10000010\n00000001\n01101110\n01001000\n00000001\n10000010\n00
000001\n01100101\n01001000\n00000001\n10000010\n00000001\n00100000\n01001000\n0000
0001\n10000010\n00000001\n01111001\n01001000\n00000001\n10000010\n00000001\n011011
11\n01001000\n00000001\n10000010\n00000001\n01110101\n01001000\n00000001\n10000010
\n00000001\n01110010\n01001000\n00000001\n10000010\n00000001\n00100000\n01001000\n
00000001\n10000010\n00000001\n01100011\n01001000\n00000001\n10000010\n00000001\n01
101111\n01001000\n00000001\n10000010\n00000001\n01101001\n01001000\n00000001\n1000
0010\n00000001\n01101110\n01001000\n00000001\n10000010\n00000001\n00100000\n010010
00\n00000001\n10000010\n00000001\n01101001\n01001000\n00000001\n10000010\n00000001
\n01101110\n01001000\n00000001\n10000010\n00000001\n00100000\n01001000\n00000001\n
10000010\n00000001\n01110010\n01001000\n00000001\n10000010\n00000001\n01101111\n01
001000\n00000001\n10000010\n00000001\n01101111\n01001000\n00000001\n10000010\n0000
0001\n01101101\n01001000\n00000001\n10000010\n00000001\n00100000\n01001000\n000000
01\n10000010\n00000001\n00110011\n01001000\n00000001\n10000010\n00000001\n00110101
\n01001000\n00000001\n10000010\n00000001\n00110100\n01001000\n00000001\n00000001